2147483647C
1271148838 4962
96405 1
70000 1
23494 1
8185 1
27855 1
8662 1
8738 1
18331 1
146113 1
7503 1
62705 1
7859 1
7999 1
15411 1
29273 1
18574 1
15336 1
61755 1
5972 1
73869 1
42077 1
22810 1
113855 1
45056 1
45278 1
64769 1
13209 1
30908 1
29114 1
63383 1
12245 1
7132 1
30984 1
12530 1
59248 1
35084 1
18349 1
57561 1
6161 1
6630 1
29071 1
12460 1
11271 1
6259 1
18377 1
44120 1
436717 1
63508 1
61833 1
15338 1
8298 1
23139 1
27790 1
29371 1
38243 1
5281 1
15750 1
59284 1
5987 1
18622 1
23410 1
146299 1
7592 1
7700 1
6979 1
67946 1
5630 1
6244 1
29642 1
65127 1
6878 1
10240 1
18701 1
70822 1
6852 1
